      12.017      4.89186    -0.567767     0.103366  0.000843787 -1.77515e-05  0.000106864    0.0496012   0.00283787    0.0134205  -0.00283787      0.45399    0.0134205  -0.00283787     0.856604    0.0134205
     4.89186      3.80006    -0.440048    0.0800736  0.000345427  2.18291e-06  0.000136372    0.0294309   0.00452992    0.0104992  -0.00452992     0.345788    0.0104992  -0.00452992     0.660764    0.0104992
   -0.567767    -0.440048      7.51536       1.3608 -0.000209624 -3.77503e-06 -0.000265913   -0.0253345  -0.00944016   -0.0159146    0.0446402    -0.503804   -0.0238346    0.0798402      -1.2199   -0.0238346
    0.103366    0.0800736       1.3608      3.38898   0.00011084  1.66864e-05   4.8348e-05   0.00467886    0.0017324   0.00289355   -0.0081324    0.0916727   0.00433355   -0.0145324     0.221871   0.00433355
 0.000843787  0.000345427 -0.000209624   0.00011084  0.000399995  1.96729e-10  1.47547e-09  0.000399011  8.38042e-08 -1.46071e-07 -8.38055e-08   0.00039461 -1.46071e-07 -8.38055e-08  0.000390227 -1.46071e-07
-1.77515e-05  2.18291e-06 -3.77503e-06  1.66864e-05  1.96729e-10      1.6e-05 -5.90188e-11  3.95427e-08  1.59966e-05  5.84286e-09 -1.59966e-05  2.15615e-07  5.84286e-09 -1.59966e-05  3.90901e-07  5.84286e-09
 0.000106864  0.000136372 -0.000265913   4.8348e-05  1.47547e-09 -5.90188e-11  3.99956e-06   2.9657e-07  0.000119975  4.04382e-06 -0.000119975  0.000121617  4.04382e-06 -0.000119975  0.000242932  4.04382e-06
   0.0496012    0.0294309   -0.0253345   0.00467886  0.000399011  3.95427e-08   2.9657e-07    0.0402013  1.68452e-05 -2.93604e-05 -1.68453e-05    0.0393165 -2.93604e-05 -1.68453e-05    0.0384357 -2.93604e-05
  0.00283787   0.00452992  -0.00944016    0.0017324  8.38042e-08  1.59966e-05  0.000119975  1.68452e-05   0.00521457  0.000122489  -0.00521457   0.00369185  0.000122489  -0.00521457   0.00736652  0.000122489
   0.0134205    0.0104992   -0.0159146   0.00289355 -1.46071e-07  5.84286e-09  4.04382e-06 -2.93604e-05  0.000122489  0.000399662 -0.000122489    0.0119599  0.000399662 -0.000122489    0.0239498  0.000399662
 -0.00283787  -0.00452992    0.0446402   -0.0081324 -8.38055e-08 -1.59966e-05 -0.000119975 -1.68453e-05  -0.00521457 -0.000122489    0.0452146  -0.00369185 -0.000122489    0.0452146  -0.00736653 -0.000122489
     0.45399     0.345788    -0.503804    0.0916727   0.00039461  2.15615e-07  0.000121617    0.0393165   0.00369185    0.0119599  -0.00369185     0.399692    0.0119599  -0.00369185     0.758489    0.0119599
   0.0134205    0.0104992   -0.0238346   0.00433355 -1.46071e-07  5.84286e-09  4.04382e-06 -2.93604e-05  0.000122489  0.000399662 -0.000122489    0.0119599  0.000799662 -0.000122489    0.0359498  0.000799662
 -0.00283787  -0.00452992    0.0798402   -0.0145324 -8.38055e-08 -1.59966e-05 -0.000119975 -1.68453e-05  -0.00521457 -0.000122489    0.0452146  -0.00369185 -0.000122489    0.0852146  -0.00736653 -0.000122489
    0.856604     0.660764      -1.2199     0.221871  0.000390227  3.90901e-07  0.000242932    0.0384357   0.00736652    0.0239498  -0.00736653     0.758489    0.0359498  -0.00736653      1.83858    0.0359498
   0.0134205    0.0104992   -0.0238346   0.00433355 -1.46071e-07  5.84286e-09  4.04382e-06 -2.93604e-05  0.000122489  0.000399662 -0.000122489    0.0119599  0.000799662 -0.000122489    0.0359498   0.00119966