     12.0923      4.89413    -0.578068     0.215365  0.000844489 -1.78132e-05  0.000107285    0.0497424   0.00285389    0.0134763  -0.00083291     0.455709    0.0134904   0.00903605     0.860257    0.0135282   0.00877692      1.26513    0.0135282
     4.89413      3.78503    -0.446172     0.165764  0.000344226  2.23449e-06  0.000136146    0.0293402   0.00452493    0.0104739  -0.00299333     0.344865    0.0104843   0.00457114     0.659293    0.0105119   0.00438095     0.973891    0.0105119
   -0.578068    -0.446172      4.39599     0.913707 -0.000131137 -4.41913e-06 -0.000261741   -0.0203429   -0.0092014   -0.0163314     0.039388    -0.511027    -0.026142    0.0566264     -1.29631   -0.0294605    0.0775934     -2.17844   -0.0294605
    0.215365     0.165764     0.913707      3.11144  0.000200074  1.66929e-05  9.37144e-05   0.00904895   0.00328671   0.00602366    -0.013452     0.190087   0.00922575   -0.0189577     0.467285   0.00961411    -0.021421     0.755064   0.00961411
 0.000844489  0.000344226 -0.000131137  0.000200074  0.000399995  2.44998e-10  1.45127e-09   0.00039893  1.23266e-06 -1.55305e-07  4.30077e-07   0.00039425 -1.38372e-07  4.87825e-06  0.000390066 -9.31482e-08  4.59327e-06  0.000387284 -9.31482e-08
-1.78132e-05  2.23449e-06 -4.41913e-06  1.66929e-05  2.44998e-10      1.6e-05 -5.78638e-11  1.29781e-09  1.59965e-05  6.76298e-09 -1.59927e-05  2.74046e-07  5.35007e-09 -1.59839e-05  6.18527e-07  1.57652e-09 -1.59601e-05  6.65204e-07  1.57652e-09
 0.000107285  0.000136146 -0.000261741  9.37144e-05  1.45127e-09 -5.78638e-11  3.99955e-06 -5.09591e-08  0.000119879  4.04363e-06 -0.000119353  0.000121745  4.04417e-06  -0.00011655  0.000244391  4.04561e-06 -0.000116565  0.000365466  4.04561e-06
   0.0497424    0.0293402   -0.0203429   0.00904895   0.00039893  1.29781e-09 -5.09591e-08    0.0401881  7.69172e-06 -3.12597e-05  0.000155906    0.0392457 -2.86229e-05  0.000591679    0.0383823 -2.15804e-05  0.000547313    0.0377374 -2.15804e-05
  0.00285389   0.00452493   -0.0092014   0.00328671  1.23266e-06  1.59965e-05  0.000119879  7.69172e-06   0.00520882  0.000122406  -0.00519277   0.00370158  0.000122386  -0.00510757    0.0074313  0.000122333  -0.00510743    0.0110924  0.000122333
   0.0134763    0.0104739   -0.0163314   0.00602366 -1.55305e-07  6.76298e-09  4.04363e-06 -3.12597e-05  0.000122406   0.00039948  -7.1245e-05    0.0119496  0.000399796  0.000203564    0.0239393  0.000400639  0.000197634    0.0359295  0.000400639
 -0.00083291  -0.00299333     0.039388    -0.013452  4.30077e-07 -1.59927e-05 -0.000119353  0.000155906  -0.00519277  -7.1245e-05    0.0451822  -0.00200383 -7.02607e-05      0.04513  -0.00463009 -6.76317e-05    0.0451135   -0.0066538 -6.76317e-05
    0.455709     0.344865    -0.511027     0.190087   0.00039425  2.74046e-07  0.000121745    0.0392457   0.00370158    0.0119496  -0.00200383     0.399224    0.0119618   0.00669194     0.757947    0.0119944   0.00646796      1.11692    0.0119944
   0.0134904    0.0104843    -0.026142   0.00922575 -1.38372e-07  5.35007e-09  4.04417e-06 -2.86229e-05  0.000122386  0.000399796 -7.02607e-05    0.0119618  0.000799635  0.000343786    0.0359425  0.000799206  0.000345263    0.0598608  0.000799206
  0.00903605   0.00457114    0.0566264   -0.0189577  4.87825e-06 -1.59839e-05  -0.00011655  0.000591679  -0.00510757  0.000203564      0.04513   0.00669194  0.000343786    0.0853187    0.0164825  0.000349159    0.0852843    0.0269327  0.000349159
    0.860257     0.659293     -1.29631     0.467285  0.000390066  6.18527e-07  0.000244391    0.0383823    0.0074313    0.0239393  -0.00463009     0.757947    0.0359425    0.0164825      1.83745    0.0359625    0.0163013      2.91372    0.0359625
   0.0135282    0.0105119   -0.0294605   0.00961411 -9.31482e-08  1.57652e-09  4.04561e-06 -2.15804e-05  0.000122333  0.000400639 -6.76317e-05    0.0119944  0.000799206  0.000349159    0.0359625   0.00119538  0.000371444    0.0717369   0.00119538
  0.00877692   0.00438095    0.0775934    -0.021421  4.59327e-06 -1.59601e-05 -0.000116565  0.000547313  -0.00510743  0.000197634    0.0451135   0.00646796  0.000345263    0.0852843    0.0163013  0.000371444     0.125115    0.0274213  0.000371444
     1.26513     0.973891     -2.17844     0.755064  0.000387284  6.65204e-07  0.000365466    0.0377374    0.0110924    0.0359295   -0.0066538      1.11692    0.0598608    0.0269327      2.91372    0.0717369    0.0274213      5.06222    0.0717369
   0.0135282    0.0105119   -0.0294605   0.00961411 -9.31482e-08  1.57652e-09  4.04561e-06 -2.15804e-05  0.000122333  0.000400639 -6.76317e-05    0.0119944  0.000799206  0.000349159    0.0359625   0.00119538  0.000371444    0.0717369   0.00159538