     5.21519     -1.51826     0.675026    -0.546966  -6.3344e-05   9.3773e-08 -0.000159298  -0.00944936  -0.00465565   -0.0152053   -0.0873919    -0.462268   -0.0246032    -0.246279     -1.18785   -0.0301943    -0.321232      -2.0904   -0.0322781      2.10296     -1.27828   -0.0322781
    -1.51826      2.05899    -0.299637     0.250718  0.000242643  1.37855e-05  0.000145392    0.0246873    0.0048195    0.0083246    0.0507754     0.272968    0.0107727     0.129044     0.588136    0.0122808     0.162219     0.953989    0.0129367    -0.957278     0.545771    0.0129367
    0.675026    -0.299637      1.67883     0.099739  9.22601e-05 -8.83666e-06 -0.000130605  -0.00136995  -0.00500122  -0.00463773   0.00325999    -0.140359  -0.00872895   -0.0252093    -0.403041   -0.0108074   -0.0367925    -0.728545   -0.0113317     0.735387    -0.372751   -0.0113317
   -0.546966     0.250718     0.099739      3.82041   0.00014395  1.83283e-05  7.91075e-05   0.00489463    0.0027432   0.00433753    0.0161049     0.134376   0.00712285     0.054913     0.345875   0.00794398    0.0795155     0.583644   0.00808679    -0.585704     0.319239   0.00808679
 -6.3344e-05  0.000242643  9.22601e-05   0.00014395  0.000399977  5.80026e-10 -1.44728e-08  0.000385297 -9.86366e-05 -1.70998e-06  0.000167273  0.000303625 -2.66983e-06  0.000194805  0.000196698 -3.20246e-06  0.000197135  9.23914e-05 -3.30066e-06  -9.1047e-05  9.92871e-05 -3.30066e-06
  9.3773e-08  1.37855e-05 -8.83666e-06  1.83283e-05  5.80026e-10      1.6e-05   2.1591e-10  3.99242e-06  1.55136e-05  3.20227e-08 -1.40169e-05  8.23787e-06  3.94135e-08 -1.25219e-05  1.13064e-05  4.24088e-08 -1.20047e-05  1.30529e-05  4.19989e-08 -1.30612e-05 -1.07598e-05  4.19989e-08
-0.000159298  0.000145392 -0.000130605  7.91075e-05 -1.44728e-08   2.1591e-10  3.98642e-06  2.76007e-05  0.000115954  2.74147e-06 -8.99691e-05   0.00013356  1.91348e-06 -6.34885e-05   0.00020248  1.47143e-06 -5.53039e-05  0.000249144  1.37718e-06 -0.000248095 -1.44942e-05  1.37718e-06
 -0.00944936    0.0246873  -0.00136995   0.00489463  0.000385297  3.99242e-06  2.76007e-05    0.0402427  0.000712968 -0.000152069   0.00692552    0.0349043 -0.000245853    0.0105198    0.0261748 -0.000294883    0.0110072    0.0168447 -0.000303918   -0.0167246    0.0019976 -0.000303918
 -0.00465565    0.0048195  -0.00500122    0.0027432 -9.86366e-05  1.55136e-05  0.000115954  0.000712968   0.00501146  8.36264e-05  -0.00420403   0.00427062  6.15244e-05  -0.00333316   0.00667048   4.9857e-05  -0.00305396   0.00829674  4.72786e-05  -0.00826944  -0.00165288  4.72786e-05
  -0.0152053    0.0083246  -0.00463773   0.00433753 -1.70998e-06  3.20227e-08  2.74147e-06 -0.000152069  8.36264e-05  0.000264505    0.0015074   0.00771287  0.000174655   0.00316203    0.0126875  0.000125677   0.00365758     0.016351  0.000115756   -0.0162322   0.00708747  0.000115756
  -0.0873919    0.0507754   0.00325999    0.0161049  0.000167273 -1.40169e-05 -8.99691e-05   0.00692552  -0.00420403    0.0015074    0.0545738    0.0505255  0.000827833    0.0634422    0.0673198  0.000454388    0.0655419    0.0785654  0.000379405   -0.0776524    0.0767782  0.000379405
   -0.462268     0.272968    -0.140359     0.134376  0.000303625  8.23787e-06   0.00013356    0.0349043   0.00427062   0.00771287    0.0505255      0.26528   0.00494854     0.103483     0.404663   0.00344391     0.118754      0.50436   0.00314008    -0.500711     0.211791   0.00314008
  -0.0246032    0.0107727  -0.00872895   0.00712285 -2.66983e-06  3.94135e-08  1.91348e-06 -0.000245853  6.15244e-05  0.000174655  0.000827833   0.00494854  0.000416221   0.00303099    0.0173252  0.000328997   0.00385519    0.0271292  0.000310588   -0.0269186     0.013059  0.000310588
   -0.246279     0.129044   -0.0252093     0.054913  0.000194805 -1.25219e-05 -6.34885e-05    0.0105198  -0.00333316   0.00316203    0.0634422     0.103483   0.00303099     0.127107     0.184883   0.00202344     0.133892      0.24098   0.00181703    -0.238528     0.187724   0.00181703
    -1.18785     0.588136    -0.403041     0.345875  0.000196698  1.13064e-05   0.00020248    0.0261748   0.00667048    0.0126875    0.0673198     0.404663    0.0173252     0.184883     0.914849     0.013256      0.22459      1.30729    0.0124102     -1.29745     0.592334    0.0124102
  -0.0301943    0.0122808   -0.0108074   0.00794398 -3.20246e-06  4.24088e-08  1.47143e-06 -0.000294883   4.9857e-05  0.000125677  0.000454388   0.00344391  0.000328997   0.00202344     0.013256  0.000619465   0.00299112    0.0318744  0.000596025     -0.03161    0.0206549  0.000596025
   -0.321232     0.162219   -0.0367925    0.0795155  0.000197135 -1.20047e-05 -5.53039e-05    0.0110072  -0.00305396   0.00365758    0.0655419     0.118754   0.00385519     0.133892      0.22459   0.00299112     0.182423     0.309607   0.00272094    -0.306419      0.26304   0.00272094
     -2.0904     0.953989    -0.728545     0.583644  9.23914e-05  1.30529e-05  0.000249144    0.0168447   0.00829674     0.016351    0.0785654      0.50436    0.0271292      0.24098      1.30729    0.0318744     0.309607       2.2611    0.0303283     -2.24337      1.20837    0.0303283
  -0.0322781    0.0129367   -0.0113317   0.00808679 -3.30066e-06  4.19989e-08  1.37718e-06 -0.000303918  4.72786e-05  0.000115756  0.000379405   0.00314008  0.000310588   0.00181703    0.0124102  0.000596025   0.00272094    0.0303283    0.0009714   -0.0300534    0.0315111    0.0009714
     2.10296    -0.957278     0.735387    -0.585704  -9.1047e-05 -1.30612e-05 -0.000248095   -0.0167246  -0.00826944   -0.0162322   -0.0776524    -0.500711   -0.0269186    -0.238528     -1.29745     -0.03161    -0.306419     -2.24337   -0.0300534       2.2655     -1.19703   -0.0300534
    -1.27828     0.545771    -0.372751     0.319239  9.92871e-05 -1.07598e-05 -1.44942e-05    0.0019976  -0.00165288   0.00708747    0.0767782     0.211791     0.013059     0.187724     0.592334    0.0206549      0.26304      1.20837    0.0315111     -1.19703      1.19853    0.0315111
  -0.0322781    0.0129367   -0.0113317   0.00808679 -3.30066e-06  4.19989e-08  1.37718e-06 -0.000303918  4.72786e-05  0.000115756  0.000379405   0.00314008  0.000310588   0.00181703    0.0124102  0.000596025   0.00272094    0.0303283    0.0009714   -0.0300534    0.0315111    0.0013714