   0.237188  -0.0191803    0.190743   -0.295068   0.0933996   0.0371357    0.024398    0.290007   0.0941632   0.0271558    0.460208   0.0570932   0.0310726    0.359973   -0.452143   0.0339835    0.175647   -0.316126   0.0338757    0.134133    -0.10851   0.0338757
 -0.0191803    0.147766  -0.0441594  0.00878746  -0.0103975   0.0489206  -0.0041077  -0.0368753   0.0561452 -0.00579442  -0.0250976   0.0259264 -0.00825431  -0.0561305   0.0187766  -0.0101247  -0.0956099  -0.0282395  -0.0100559    -0.16025  -0.0209502  -0.0100559
   0.190743  -0.0441594    0.773881    -1.32698   0.0984953   0.0495848    0.119725     1.03959    0.774341    0.109691     2.11103    0.530231    0.104538     1.51949    -2.09414    0.103404    0.293647    -1.77063    0.103535   -0.376031   -0.690872    0.103535
  -0.295068  0.00878746    -1.32698     3.09953   -0.162861   -0.128924   -0.259208    -2.21263    -1.77787   -0.230928    -4.58891     -1.2064   -0.207981    -3.10577     4.66042   -0.210892   -0.402056     3.92446   -0.210875     1.09801     1.52515   -0.210875
  0.0933996  -0.0103975   0.0984953   -0.162861   0.0854262 -0.00166544   0.0145379      0.1565   0.0431191   0.0153417    0.249293   0.0305785   0.0163927    0.189568   -0.248002   0.0171141   0.0783353   -0.181427   0.0170868   0.0420492  -0.0605887   0.0170868
  0.0371357   0.0489206   0.0495848   -0.128924 -0.00166544   0.0893632  0.00605364    0.101985    0.108122   0.0063825    0.192798   0.0527159   0.0067176    0.117664   -0.192857  0.00687989 -0.00023857   -0.170346  0.00687313  -0.0743555  -0.0712876  0.00687313
   0.024398  -0.0041077    0.119725   -0.259208   0.0145379  0.00605364   0.0239017    0.195077    0.156298   0.0204107    0.399283    0.107126   0.0182949     0.27375   -0.401754   0.0185885   0.0382066    -0.33651   0.0185939   -0.088923   -0.128922   0.0185939
   0.290007  -0.0368753     1.03959    -2.21263      0.1565    0.101985    0.195077     1.72042     1.29745    0.172439     3.39671    0.860692    0.159591     2.33333    -3.41264    0.162716    0.372518     -2.8351    0.162711   -0.668542    -1.08173    0.162711
  0.0941632   0.0561452    0.774341    -1.77787   0.0431191    0.108122    0.156298     1.29745     1.19263    0.131091     2.73259    0.785507    0.115217     1.82663    -2.75186    0.116502    0.158438     -2.3544    0.116569   -0.790178   -0.923113    0.116569
  0.0271558 -0.00579442    0.109691   -0.230928   0.0153417   0.0063825   0.0204107    0.172439    0.131091   0.0192343    0.357548   0.0957241   0.0169916    0.249434   -0.359969   0.0172807   0.0400703   -0.298764   0.0172871  -0.0697008   -0.112847   0.0172871
   0.460208  -0.0250976     2.11103    -4.58891    0.249293    0.192798    0.399283     3.39671     2.73259    0.357548     7.06257     1.89295    0.321774     4.82836    -7.10479    0.327049    0.660771    -5.95803    0.327132    -1.59762    -2.28831    0.327132
  0.0570932   0.0259264    0.530231     -1.2064   0.0305785   0.0527159    0.107126    0.860692    0.785507   0.0957241     1.89295    0.619453   0.0781412     1.29455    -1.90678   0.0804912    0.112901    -1.63221   0.0805386   -0.547518   -0.643998   0.0805386
  0.0310726 -0.00825431    0.104538   -0.207981   0.0163927   0.0067176   0.0182949    0.159591    0.115217   0.0169916    0.321774   0.0781412   0.0169313    0.231425   -0.325252   0.0168939   0.0466678   -0.264683   0.0169116  -0.0447642   -0.094794   0.0169116
   0.359973  -0.0561305     1.51949    -3.10577    0.189568    0.117664     0.27375     2.33333     1.82663    0.249434     4.82836     1.29455    0.231425     3.44037    -4.87336    0.233851    0.557096     -4.0707    0.234056   -0.963935    -1.54473    0.234056
  -0.452143   0.0187766    -2.09414     4.66042   -0.248002   -0.192857   -0.401754    -3.41264    -2.75186   -0.359969    -7.10479    -1.90678   -0.325252    -4.87336     7.23258   -0.332019   -0.640667     6.04062   -0.332054     1.63294     2.30146   -0.332054
  0.0339835  -0.0101247    0.103404   -0.210892   0.0171141  0.00687989   0.0185885    0.162716    0.116502   0.0172807    0.327049   0.0804912   0.0168939    0.233851   -0.332019   0.0189039   0.0546801   -0.257687   0.0189364   -0.022686  -0.0789526   0.0189364
   0.175647  -0.0956099    0.293647   -0.402056   0.0783353 -0.00023857   0.0382066    0.372518    0.158438   0.0400703    0.660771    0.112901   0.0466678    0.557096   -0.640667   0.0546801    0.324753   -0.416272   0.0550351    0.257512  -0.0824374   0.0550351
  -0.316126  -0.0282395    -1.77063     3.92446   -0.181427   -0.170346    -0.33651     -2.8351     -2.3544   -0.298764    -5.95803    -1.63221   -0.264683     -4.0707     6.04062   -0.257687   -0.416272     5.24915   -0.257558     1.70215     2.14655   -0.257558
  0.0338757  -0.0100559    0.103535   -0.210875   0.0170868  0.00687313   0.0185939    0.162711    0.116569   0.0172871    0.327132   0.0805386   0.0169116    0.234056   -0.332054   0.0189364   0.0550351   -0.257558   0.0214685 -0.00596462  -0.0604134   0.0214685
   0.134133    -0.16025   -0.376031     1.09801   0.0420492  -0.0743555   -0.088923   -0.668542   -0.790178  -0.0697008    -1.59762   -0.547518  -0.0447642   -0.963935     1.63294   -0.022686    0.257512     1.70215 -0.00596462      1.3623     1.05049 -0.00596462
   -0.10851  -0.0209502   -0.690872     1.52515  -0.0605887  -0.0712876   -0.128922    -1.08173   -0.923113   -0.112847    -2.28831   -0.643998   -0.094794    -1.54473     2.30146  -0.0789526  -0.0824374     2.14655  -0.0604134     1.05049     1.23684  -0.0604134
  0.0338757  -0.0100559    0.103535   -0.210875   0.0170868  0.00687313   0.0185939    0.162711    0.116569   0.0172871    0.327132   0.0805386   0.0169116    0.234056   -0.332054   0.0189364   0.0550351   -0.257558   0.0214685 -0.00596462  -0.0604134   0.0239685