    0.304716   -0.0644132    -0.192012   -0.0544098      0.11071    0.0425873   -0.0339654   -0.0873174    -0.329376   -0.0339651    -0.524015    -0.416896   -0.0339648    -0.754993     0.515639   -0.0339648
  -0.0644132     0.176856     0.206359    -0.132299    -0.021889    0.0449935    0.0358843     0.223097     0.344425    0.0358842     0.646137     0.347856    0.0358841      0.70614    -0.638357    0.0358841
   -0.192012     0.206359       3.1312     -2.29958 -0.000929743   0.00443671     0.509015      3.55357      3.52825     0.521945      8.60743      3.77318     0.533826      9.13489     -8.46528     0.533826
  -0.0544098    -0.132299     -2.29958      2.94835   -0.0935851   -0.0909029    -0.435028     -3.29371     -3.00518    -0.422208      -7.4607     -2.78155    -0.409236     -6.82143      7.43243    -0.409236
     0.11071    -0.021889 -0.000929743   -0.0935851    0.0899979 -1.22358e-06 -3.57145e-06     0.063624   -0.0636496 -3.45027e-06   0.00236608   -0.0899876 -3.32776e-06   -0.0899861  -0.00341119 -3.32776e-06
   0.0425873    0.0449935   0.00443671   -0.0909029 -1.22358e-06    0.0899988 -4.19956e-06     0.063594     0.063624 -4.08876e-06    0.0898949   0.00240116  -3.9761e-06   0.00340682   -0.0898609  -3.9761e-06
  -0.0339654    0.0358843     0.509015    -0.435028 -3.57145e-06 -4.19956e-06    0.0899549     0.627111     0.622182    0.0899548      1.50304     0.650258    0.0899548      1.54707     -1.48612    0.0899548
  -0.0873174     0.223097      3.55357     -3.29371     0.063624     0.063594     0.627111      4.55183      4.33748     0.627111      10.6089      4.40939     0.627111      10.6629     -10.4924     0.627111
   -0.329376     0.344425      3.52825     -3.00518   -0.0636496     0.063624     0.622182      4.33748      4.48339     0.622182      10.5197      4.62821     0.622181      10.8325     -10.4012     0.622181
  -0.0339651    0.0358842     0.521945    -0.422208 -3.45027e-06 -4.08876e-06    0.0899548     0.627111     0.622182    0.0924547      1.52026     0.667768    0.0924546      1.58922     -1.50288    0.0924546
   -0.524015     0.646137      8.60743      -7.4607   0.00236608    0.0898949      1.50304      10.6089      10.5197      1.52026      25.5027      10.9857      1.52026      26.1432     -25.2167      1.52026
   -0.416896     0.347856      3.77318     -2.78155   -0.0899876   0.00240116     0.650258      4.40939      4.62821     0.667768      10.9857      5.09316     0.667767      11.7485      -10.857     0.667767
  -0.0339648    0.0358841     0.533826    -0.409236 -3.32776e-06  -3.9761e-06    0.0899548     0.627111     0.622181    0.0924546      1.52026     0.667767    0.0949545      1.61365     -1.50262    0.0949545
   -0.754993      0.70614      9.13489     -6.82143   -0.0899861   0.00340682      1.54707      10.6629      10.8325      1.58922      26.1432      11.7485      1.61365      27.9164     -25.8388      1.61365
    0.515639    -0.638357     -8.46528      7.43243  -0.00341119   -0.0898609     -1.48612     -10.4924     -10.4012     -1.50288     -25.2167      -10.857     -1.50262     -25.8388      25.0242     -1.50262
  -0.0339648    0.0358841     0.533826    -0.409236 -3.32776e-06  -3.9761e-06    0.0899548     0.627111     0.622181    0.0924546      1.52026     0.667767    0.0949545      1.61365     -1.50262    0.0974545