   0.263613  -0.0350393    0.154757   -0.279815    0.100566   0.0393459   0.0220787    0.285733   0.0705248   0.0244227    0.421596    0.036157   0.0257247    0.295966   -0.420376   0.0254279   0.0899698   -0.325001   0.0254279
 -0.0350393    0.157128  -0.0291051   0.0164336  -0.0146827   0.0476326 -0.00381706  -0.0416946   0.0624597 -0.00533066  -0.0218327   0.0305454 -0.00617137  -0.0336052   0.0218394 -0.00597969      -0.048 -0.00299932 -0.00597969
   0.154757  -0.0291051    0.687089    -1.03793    0.086245     0.04218   0.0989102    0.868751    0.632846    0.090056     1.73605    0.412549   0.0890735     1.27987    -1.68841    0.091796    0.323606    -1.39007    0.091796
  -0.279815   0.0164336    -1.03793     2.47365   -0.151025   -0.117569   -0.209551    -1.83503    -1.42542   -0.183073    -3.70568   -0.917624   -0.161662     -2.4352     3.74229   -0.163509   -0.227414     3.16394   -0.163509
   0.100566  -0.0146827    0.086245   -0.151025   0.0874169 -0.00100042   0.0134203    0.152162   0.0331511   0.0140684    0.229866   0.0211803   0.0144284    0.165175   -0.229167   0.0143464   0.0539022   -0.175069   0.0143464
  0.0393459   0.0476326     0.04218   -0.117569 -0.00100042   0.0896119  0.00519174   0.0972825    0.101347  0.00544269    0.177657   0.0461286  0.00558214    0.102479   -0.177109  0.00555037  -0.0104728      -0.159  0.00555037
  0.0220787 -0.00381706   0.0989102   -0.209551   0.0134203  0.00519174   0.0201152    0.166055    0.129665   0.0167447    0.331582   0.0848398   0.0148727    0.223782   -0.330346   0.0152996   0.0288785   -0.275202   0.0152996
   0.285733  -0.0416946    0.868751    -1.83503    0.152162   0.0972825    0.166055     1.50617     1.08979     0.14393     2.87891    0.683972    0.131642     1.93278    -2.86857    0.134444    0.262532    -2.38325    0.134444
  0.0705248   0.0624597    0.632846    -1.42542   0.0331511    0.101347    0.129665     1.08979     1.00743    0.105466     2.25637    0.631143   0.0920252     1.48391    -2.24791   0.0950899    0.111984    -1.91123   0.0950899
  0.0244227 -0.00533066    0.090056   -0.183073   0.0140684  0.00544269   0.0167447     0.14393    0.105466   0.0157116    0.291985   0.0745401   0.0137492     0.20183   -0.290865   0.0141966    0.032529   -0.239177   0.0141966
   0.421596  -0.0218327     1.73605    -3.70568    0.229866    0.177657    0.331582     2.87891     2.25637    0.291985     5.85356     1.49463    0.260358     3.93246    -5.83189    0.267569    0.484812    -4.86932    0.267569
   0.036157   0.0305454    0.412549   -0.917624   0.0211803   0.0461286   0.0848398    0.683972    0.631143   0.0745401     1.49463    0.494143   0.0590399     1.01041    -1.48838    0.062574   0.0758735    -1.26656    0.062574
  0.0257247 -0.00617137   0.0890735   -0.161662   0.0144284  0.00558214   0.0148727    0.131642   0.0920252   0.0137492    0.260358   0.0590399   0.0142366    0.190627   -0.259332   0.0146955   0.0484452   -0.204498   0.0146955
   0.295966  -0.0336052     1.27987     -2.4352    0.165175    0.102479    0.223782     1.93278     1.48391     0.20183     3.93246     1.01041    0.190627     2.82643     -3.9169     0.19874    0.540522    -3.20937     0.19874
  -0.420376   0.0218394    -1.68841     3.74229   -0.229167   -0.177109   -0.330346    -2.86857    -2.24791   -0.290865    -5.83189    -1.48838   -0.259332     -3.9169     5.90031     -0.2665    -0.42117     4.91778     -0.2665
  0.0254279 -0.00597969    0.091796   -0.163509   0.0143464  0.00555037   0.0152996    0.134444   0.0950899   0.0141966    0.267569    0.062574   0.0146955     0.19874     -0.2665   0.0176518   0.0673501   -0.193333   0.0176518
  0.0899698      -0.048    0.323606   -0.227414   0.0539022  -0.0104728   0.0288785    0.262532    0.111984    0.032529    0.484812   0.0758735   0.0484452    0.540522    -0.42117   0.0673501    0.565207   -0.121779   0.0673501
  -0.325001 -0.00299932    -1.39007     3.16394   -0.175069      -0.159   -0.275202    -2.38325    -1.91123   -0.239177    -4.86932    -1.26656   -0.204498    -3.20937     4.91778   -0.193333   -0.121779     4.34573   -0.193333
  0.0254279 -0.00597969    0.091796   -0.163509   0.0143464  0.00555037   0.0152996    0.134444   0.0950899   0.0141966    0.267569    0.062574   0.0146955     0.19874     -0.2665   0.0176518   0.0673501   -0.193333   0.0201518