    0.304712   -0.0644024      0.11071    0.0425891   -0.0339598   -0.0872744    -0.329337   -0.0339598
  -0.0644024     0.176848   -0.0218862    0.0449953    0.0358852     0.223108      0.34443    0.0358852
     0.11071   -0.0218862    0.0899987 -3.73036e-07  4.54523e-07    0.0636546   -0.0636217  4.54523e-07
   0.0425891    0.0449953 -3.73036e-07    0.0899996  -1.6833e-08    0.0636255     0.063653  -1.6833e-08
  -0.0339598    0.0358852  4.54523e-07  -1.6833e-08    0.0899998     0.627435     0.622494    0.0899998
  -0.0872744     0.223108    0.0636546    0.0636255     0.627435      4.55417      4.33973     0.627435
   -0.329337      0.34443   -0.0636217     0.063653     0.622494      4.33973      4.48556     0.622494
  -0.0339598    0.0358852  4.54523e-07  -1.6833e-08    0.0899998     0.627435     0.622494    0.0924998